========================================================================================
   RISOLUZIONE MDP E CAMMINATA OTTIMA: soluzioni/soluzione_grid_6.txt
   Dimensioni Griglia: 60x60 | Start: (0,0) | Goal: (59,59)
========================================================================================

--- MATRICE DEI VALORI V* ---
  -19.70   -19.69   -19.67   -19.65   -19.64   -19.62   -19.60   -19.57   -19.55   -19.53   -19.50   -19.48   -19.45   -19.42   -19.39   -19.36   -19.33   -19.29   -19.25   -19.21     0.00   -19.13   -19.08   -19.03   -18.98   -18.93   -18.87   -18.81   -18.75   -18.69   -18.62   -18.54   -18.47   -18.39   -18.30   -18.21   -18.12   -18.02   -17.91   -17.80     0.00   -17.57   -17.44   -17.30   -17.16   -17.01   -16.86   -16.69   -16.52   -16.33   -16.14   -16.33   -16.52   -16.69   -16.86   -17.01   -17.16   -17.30   -17.44   -17.57 
  -19.69   -19.67   -19.65   -19.64   -19.62   -19.60   -19.57   -19.55   -19.53   -19.50   -19.48   -19.45   -19.42   -19.39   -19.36   -19.33   -19.29   -19.25   -19.21   -19.17     0.00   -19.08   -19.03   -18.98   -18.93   -18.87   -18.81   -18.75   -18.69   -18.62   -18.54   -18.47   -18.39   -18.30   -18.21   -18.12   -18.02   -17.91   -17.80   -17.69     0.00   -17.44   -17.30   -17.16   -17.01   -16.86   -16.69   -16.52   -16.33   -16.14   -15.94   -16.14   -16.33   -16.52   -16.69   -16.86   -17.01   -17.16   -17.30   -17.44 
  -19.67   -19.65   -19.64   -19.62   -19.60   -19.57   -19.55   -19.53   -19.50   -19.48   -19.45   -19.42   -19.39   -19.36   -19.33   -19.29   -19.25   -19.21   -19.17   -19.13     0.00   -19.03   -18.98   -18.93   -18.87   -18.81   -18.75   -18.69   -18.62   -18.54   -18.47   -18.39   -18.30   -18.21   -18.12   -18.02   -17.91   -17.80   -17.69   -17.57     0.00   -17.30   -17.16   -17.01   -16.86   -16.69   -16.52   -16.33   -16.14   -15.94   -15.72   -15.94   -16.14   -16.33   -16.52   -16.69   -16.86   -17.01   -17.16   -17.30 
  -19.65   -19.64   -19.62   -19.60   -19.57   -19.55   -19.53   -19.50   -19.48   -19.45   -19.42   -19.39   -19.36   -19.33   -19.29   -19.25   -19.21   -19.17   -19.13   -19.08     0.00   -18.98   -18.93   -18.87   -18.81   -18.75   -18.69   -18.62   -18.54   -18.47   -18.39   -18.30   -18.21   -18.12   -18.02   -17.91   -17.80   -17.69   -17.57   -17.44     0.00   -17.16   -17.01   -16.86   -16.69   -16.52   -16.33   -16.14   -15.94   -15.72   -15.50   -15.72   -15.94   -16.14   -16.33   -16.52   -16.69   -16.86   -17.01   -17.16 
  -19.64   -19.62   -19.60   -19.57   -19.55   -19.53   -19.50   -19.48   -19.45   -19.42   -19.39   -19.36   -19.33   -19.29   -19.25   -19.21   -19.17   -19.13   -19.08   -19.03     0.00   -18.93   -18.87   -18.81   -18.75   -18.69   -18.62   -18.54   -18.47   -18.39   -18.30   -18.21   -18.12   -18.02   -17.91   -17.80   -17.69   -17.57   -17.44   -17.30     0.00   -17.01   -16.86   -16.69   -16.52   -16.33   -16.14   -15.94   -15.72   -15.50   -15.26   -15.50   -15.72   -15.94   -16.14   -16.33   -16.52   -16.69   -16.86   -17.01 
  -19.62   -19.60   -19.57   -19.55   -19.53   -19.50   -19.48   -19.45   -19.42   -19.39   -19.36   -19.33   -19.29   -19.25   -19.21   -19.17   -19.13   -19.08   -19.03   -18.98     0.00   -18.87   -18.81   -18.75   -18.69   -18.62   -18.54   -18.47   -18.39   -18.30   -18.21   -18.12   -18.02   -17.91   -17.80   -17.69   -17.57   -17.44   -17.30   -17.16     0.00   -16.86   -16.69   -16.52   -16.33   -16.14   -15.94   -15.72   -15.50   -15.26   -15.01   -15.26   -15.50   -15.72   -15.94   -16.14   -16.33   -16.52   -16.69   -16.86 
  -19.60   -19.57   -19.55   -19.53   -19.50   -19.48   -19.45   -19.42   -19.39   -19.36   -19.33   -19.29   -19.25   -19.21   -19.17   -19.13   -19.08   -19.03   -18.98   -18.93     0.00   -18.81   -18.75   -18.69   -18.62   -18.54   -18.47   -18.39   -18.30   -18.21   -18.12   -18.02   -17.91   -17.80   -17.69   -17.57   -17.44   -17.30   -17.16   -17.01     0.00   -16.69   -16.52   -16.33   -16.14   -15.94   -15.72   -15.50   -15.26   -15.01   -14.75   -15.01   -15.26   -15.50   -15.72   -15.94   -16.14   -16.33   -16.52   -16.69 
  -19.57   -19.55   -19.53   -19.50   -19.48   -19.45   -19.42   -19.39   -19.36   -19.33   -19.29   -19.25   -19.21   -19.17   -19.13   -19.08   -19.03   -18.98   -18.93   -18.87     0.00   -18.75   -18.69   -18.62   -18.54   -18.47   -18.39   -18.30   -18.21   -18.12   -18.02   -17.91   -17.80   -17.69   -17.57   -17.44   -17.30   -17.16   -17.01   -16.86     0.00   -16.52   -16.33   -16.14   -15.94   -15.72   -15.50   -15.26   -15.01   -14.75   -14.47   -14.75   -15.01   -15.26   -15.50   -15.72   -15.94   -16.14   -16.33   -16.52 
  -19.55   -19.53   -19.50   -19.48   -19.45   -19.42   -19.39   -19.36   -19.33   -19.29   -19.25   -19.21   -19.17   -19.13   -19.08   -19.03   -18.98   -18.93   -18.87   -18.81     0.00   -18.69   -18.62   -18.54   -18.47   -18.39   -18.30   -18.21   -18.12   -18.02   -17.91   -17.80   -17.69   -17.57   -17.44   -17.30   -17.16   -17.01   -16.86   -16.69     0.00   -16.33   -16.14   -15.94   -15.72   -15.50   -15.26   -15.01   -14.75   -14.47   -14.18   -14.47   -14.75   -15.01   -15.26   -15.50   -15.72   -15.94   -16.14   -16.33 
  -19.53   -19.50   -19.48   -19.45   -19.42   -19.39   -19.36   -19.33   -19.29   -19.25   -19.21   -19.17   -19.13   -19.08   -19.03   -18.98   -18.93   -18.87   -18.81   -18.75     0.00   -18.62   -18.54   -18.47   -18.39   -18.30   -18.21   -18.12   -18.02   -17.91   -17.80   -17.69   -17.57   -17.44   -17.30   -17.16   -17.01   -16.86   -16.69   -16.52     0.00   -16.14   -15.94   -15.72   -15.50   -15.26   -15.01   -14.75   -14.47   -14.18   -13.87   -14.18   -14.47   -14.75   -15.01   -15.26   -15.50   -15.72   -15.94   -16.14 
  -19.50   -19.48   -19.45   -19.42   -19.39   -19.36   -19.33   -19.29   -19.25   -19.21   -19.17   -19.13   -19.08   -19.03   -18.98   -18.93   -18.87   -18.81   -18.75   -18.69   -18.62   -18.54   -18.47   -18.39   -18.30   -18.21   -18.12   -18.02   -17.91   -17.80   -17.69   -17.57   -17.44   -17.30   -17.16   -17.01   -16.86   -16.69   -16.52   -16.33   -16.14   -15.94   -15.72   -15.50   -15.26   -15.01   -14.75   -14.47   -14.18   -13.87   -13.55   -13.87   -14.18   -14.47   -14.75   -15.01   -15.26   -15.50   -15.72   -15.94 
  -19.48   -19.45   -19.42   -19.39   -19.36   -19.33   -19.29   -19.25   -19.21   -19.17   -19.13   -19.17   -19.13   -19.08   -19.03   -18.98   -18.93   -18.87   -18.81   -18.75     0.00   -18.47   -18.39   -18.30   -18.21   -18.12   -18.02   -17.91   -17.80   -17.69   -17.57   -17.69   -17.57   -17.44   -17.30   -17.16   -17.01   -16.86   -16.69   -16.52     0.00   -15.72   -15.50   -15.26   -15.01   -14.75   -14.47   -14.18   -13.87   -13.55   -13.21   -13.55   -13.87   -14.18   -14.47   -14.75   -15.01   -15.26   -15.50   -15.72 
  -19.45   -19.42   -19.39   -19.36   -19.33   -19.29   -19.25   -19.21   -19.17   -19.13   -19.08   -19.13   -19.17   -19.13   -19.08   -19.03   -18.98   -18.93   -18.87   -18.81     0.00   -18.39   -18.30   -18.21   -18.12   -18.02   -17.91   -17.80   -17.69   -17.57   -17.44   -17.57   -17.69   -17.57   -17.44   -17.30   -17.16   -17.01   -16.86   -16.69     0.00   -15.50   -15.26   -15.01   -14.75   -14.47   -14.18   -13.87   -13.55   -13.21   -12.86   -13.21   -13.55   -13.87   -14.18   -14.47   -14.75   -15.01   -15.26   -15.50 
  -19.42   -19.39   -19.36   -19.33   -19.29   -19.25   -19.21   -19.17   -19.13   -19.08   -19.03   -19.08   -19.13   -19.17   -19.13   -19.08   -19.03   -18.98   -18.93   -18.87     0.00   -18.30   -18.21   -18.12   -18.02   -17.91   -17.80   -17.69   -17.57   -17.44   -17.30   -17.44   -17.57   -17.69   -17.57   -17.44   -17.30   -17.16   -17.01   -16.86     0.00   -15.26   -15.01   -14.75   -14.47   -14.18   -13.87   -13.55   -13.21   -12.86   -12.48   -12.86   -13.21   -13.55   -13.87   -14.18   -14.47   -14.75   -15.01   -15.26 
  -19.39   -19.36   -19.33   -19.29   -19.25   -19.21   -19.17   -19.13   -19.08   -19.03   -18.98   -19.03   -19.08   -19.13   -19.17   -19.13   -19.08   -19.03   -18.98   -18.93     0.00   -18.21   -18.12   -18.02   -17.91   -17.80   -17.69   -17.57   -17.44   -17.30   -17.16   -17.30   -17.44   -17.57   -17.69   -17.57   -17.44   -17.30   -17.16   -17.01     0.00   -15.01   -14.75   -14.47   -14.18   -13.87   -13.55   -13.21   -12.86   -12.48   -12.08   -12.48   -12.86   -13.21   -13.55   -13.87   -14.18   -14.47   -14.75   -15.01 
  -19.36   -19.33   -19.29   -19.25   -19.21   -19.17   -19.13   -19.08   -19.03   -18.98   -18.93   -18.98   -19.03   -19.08   -19.13   -19.17   -19.13   -19.08   -19.03   -18.98     0.00   -18.12   -18.02   -17.91   -17.80   -17.69   -17.57   -17.44   -17.30   -17.16   -17.01   -17.16   -17.30   -17.44   -17.57   -17.69   -17.57   -17.44   -17.30   -17.16     0.00   -14.75   -14.47   -14.18   -13.87   -13.55   -13.21   -12.86   -12.48   -12.08   -11.67   -12.08   -12.48   -12.86   -13.21   -13.55   -13.87   -14.18   -14.47   -14.75 
  -19.33   -19.29   -19.25   -19.21   -19.17   -19.13   -19.08   -19.03   -18.98   -18.93   -18.87   -18.93   -18.98   -19.03   -19.08   -19.13   -19.17   -19.13   -19.08   -19.03     0.00   -18.02   -17.91   -17.80   -17.69   -17.57   -17.44   -17.30   -17.16   -17.01   -16.86   -17.01   -17.16   -17.30   -17.44   -17.57   -17.69   -17.57   -17.44   -17.30     0.00   -14.47   -14.18   -13.87   -13.55   -13.21   -12.86   -12.48   -12.08   -11.67   -11.23   -11.67   -12.08   -12.48   -12.86   -13.21   -13.55   -13.87   -14.18   -14.47 
  -19.29   -19.25   -19.21   -19.17   -19.13   -19.08   -19.03   -18.98   -18.93   -18.87   -18.81   -18.87   -18.93   -18.98   -19.03   -19.08   -19.13   -19.17   -19.13   -19.08     0.00   -17.91   -17.80   -17.69   -17.57   -17.44   -17.30   -17.16   -17.01   -16.86   -16.69   -16.86   -17.01   -17.16   -17.30   -17.44   -17.57   -17.69   -17.57   -17.44     0.00   -14.18   -13.87   -13.55   -13.21   -12.86   -12.48   -12.08   -11.67   -11.23   -10.77   -11.23   -11.67   -12.08   -12.48   -12.86   -13.21   -13.55   -13.87   -14.18 
  -19.25   -19.21   -19.17   -19.13   -19.08   -19.03   -18.98   -18.93   -18.87   -18.81   -18.75   -18.81   -18.87   -18.93   -18.98   -19.03   -19.08   -19.13   -19.17   -19.13     0.00   -17.80   -17.69   -17.57   -17.44   -17.30   -17.16   -17.01   -16.86   -16.69   -16.52   -16.69   -16.86   -17.01   -17.16   -17.30   -17.44   -17.57   -17.69   -17.57     0.00   -13.87   -13.55   -13.21   -12.86   -12.48   -12.08   -11.67   -11.23   -10.77   -10.28   -10.77   -11.23   -11.67   -12.08   -12.48   -12.86   -13.21   -13.55   -13.87 
  -19.21   -19.17   -19.13   -19.08   -19.03   -18.98   -18.93   -18.87   -18.81   -18.75   -18.69   -18.75   -18.81   -18.87   -18.93   -18.98   -19.03   -19.08   -19.13   -19.17     0.00   -17.69   -17.57   -17.44   -17.30   -17.16   -17.01   -16.86   -16.69   -16.52   -16.33   -16.52   -16.69   -16.86   -17.01   -17.16   -17.30   -17.44   -17.57   -17.69     0.00   -13.55   -13.21   -12.86   -12.48   -12.08   -11.67   -11.23   -10.77   -10.28    -9.77   -10.28   -10.77   -11.23   -11.67   -12.08   -12.48   -12.86   -13.21   -13.55 
    0.00     0.00     0.00     0.00     0.00     0.00     0.00     0.00     0.00     0.00   -18.62     0.00     0.00     0.00     0.00     0.00     0.00     0.00     0.00     0.00     0.00     0.00     0.00     0.00     0.00     0.00     0.00     0.00     0.00     0.00   -16.14     0.00     0.00     0.00     0.00     0.00     0.00     0.00     0.00     0.00     0.00     0.00     0.00     0.00     0.00     0.00     0.00     0.00     0.00     0.00    -9.23     0.00     0.00     0.00     0.00     0.00     0.00     0.00     0.00     0.00 
  -19.13   -19.08   -19.03   -18.98   -18.93   -18.87   -18.81   -18.75   -18.69   -18.62   -18.54   -18.47   -18.39   -18.30   -18.21   -18.12   -18.02   -17.91   -17.80   -17.69     0.00   -17.44   -17.30   -17.16   -17.01   -16.86   -16.69   -16.52   -16.33   -16.14   -15.94   -15.72   -15.50   -15.26   -15.01   -14.75   -14.47   -14.18   -13.87   -13.55     0.00   -12.86   -12.48   -12.08   -11.67   -11.23   -10.77   -10.28    -9.77    -9.23    -8.66    -9.23    -9.77   -10.28   -10.77   -11.23   -11.67   -12.08   -12.48   -12.86 
  -19.08   -19.03   -18.98   -18.93   -18.87   -18.81   -18.75   -18.69   -18.62   -18.54   -18.47   -18.39   -18.30   -18.21   -18.12   -18.02   -17.91   -17.80   -17.69   -17.57     0.00   -17.30   -17.16   -17.01   -16.86   -16.69   -16.52   -16.33   -16.14   -15.94   -15.72   -15.50   -15.26   -15.01   -14.75   -14.47   -14.18   -13.87   -13.55   -13.21     0.00   -12.48   -12.08   -11.67   -11.23   -10.77   -10.28    -9.77    -9.23    -8.66    -8.07    -8.66    -9.23    -9.77   -10.28   -10.77   -11.23   -11.67   -12.08   -12.48 
  -19.03   -18.98   -18.93   -18.87   -18.81   -18.75   -18.69   -18.62   -18.54   -18.47   -18.39   -18.30   -18.21   -18.12   -18.02   -17.91   -17.80   -17.69   -17.57   -17.44     0.00   -17.16   -17.01   -16.86   -16.69   -16.52   -16.33   -16.14   -15.94   -15.72   -15.50   -15.26   -15.01   -14.75   -14.47   -14.18   -13.87   -13.55   -13.21   -12.86     0.00   -12.08   -11.67   -11.23   -10.77   -10.28    -9.77    -9.23    -8.66    -8.07    -7.44    -8.07    -8.66    -9.23    -9.77   -10.28   -10.77   -11.23   -11.67   -12.08 
  -18.98   -18.93   -18.87   -18.81   -18.75   -18.69   -18.62   -18.54   -18.47   -18.39   -18.30   -18.21   -18.12   -18.02   -17.91   -17.80   -17.69   -17.57   -17.44   -17.30     0.00   -17.01   -16.86   -16.69   -16.52   -16.33   -16.14   -15.94   -15.72   -15.50   -15.26   -15.01   -14.75   -14.47   -14.18   -13.87   -13.55   -13.21   -12.86   -12.48     0.00   -11.67   -11.23   -10.77   -10.28    -9.77    -9.23    -8.66    -8.07    -7.44    -6.78    -7.44    -8.07    -8.66    -9.23    -9.77   -10.28   -10.77   -11.23   -11.67 
  -18.93   -18.87   -18.81   -18.75   -18.69   -18.62   -18.54   -18.47   -18.39   -18.30   -18.21   -18.12   -18.02   -17.91   -17.80   -17.69   -17.57   -17.44   -17.30   -17.16     0.00   -16.86   -16.69   -16.52   -16.33   -16.14   -15.94   -15.72   -15.50   -15.26   -15.01   -14.75   -14.47   -14.18   -13.87   -13.55   -13.21   -12.86   -12.48   -12.08     0.00   -11.23   -10.77   -10.28    -9.77    -9.23    -8.66    -8.07    -7.44    -6.78    -6.08    -6.78    -7.44    -8.07    -8.66    -9.23    -9.77   -10.28   -10.77   -11.23 
  -18.87   -18.81   -18.75   -18.69   -18.62   -18.54   -18.47   -18.39   -18.30   -18.21   -18.12   -18.02   -17.91   -17.80   -17.69   -17.57   -17.44   -17.30   -17.16   -17.01     0.00   -16.69   -16.52   -16.33   -16.14   -15.94   -15.72   -15.50   -15.26   -15.01   -14.75   -14.47   -14.18   -13.87   -13.55   -13.21   -12.86   -12.48   -12.08   -11.67     0.00   -10.77   -10.28    -9.77    -9.23    -8.66    -8.07    -7.44    -6.78    -6.08    -5.35    -6.08    -6.78    -7.44    -8.07    -8.66    -9.23    -9.77   -10.28   -10.77 
  -18.81   -18.75   -18.69   -18.62   -18.54   -18.47   -18.39   -18.30   -18.21   -18.12   -18.02   -17.91   -17.80   -17.69   -17.57   -17.44   -17.30   -17.16   -17.01   -16.86     0.00   -16.52   -16.33   -16.14   -15.94   -15.72   -15.50   -15.26   -15.01   -14.75   -14.47   -14.18   -13.87   -13.55   -13.21   -12.86   -12.48   -12.08   -11.67   -11.23     0.00   -10.28    -9.77    -9.23    -8.66    -8.07    -7.44    -6.78    -6.08    -5.35    -4.58    -5.35    -6.08    -6.78    -7.44    -8.07    -8.66    -9.23    -9.77   -10.28 
  -18.75   -18.69   -18.62   -18.54   -18.47   -18.39   -18.30   -18.21   -18.12   -18.02   -17.91   -17.80   -17.69   -17.57   -17.44   -17.30   -17.16   -17.01   -16.86   -16.69     0.00   -16.33   -16.14   -15.94   -15.72   -15.50   -15.26   -15.01   -14.75   -14.47   -14.18   -13.87   -13.55   -13.21   -12.86   -12.48   -12.08   -11.67   -11.23   -10.77     0.00    -9.77    -9.23    -8.66    -8.07    -7.44    -6.78    -6.08    -5.35    -4.58    -3.77    -4.58    -5.35    -6.08    -6.78    -7.44    -8.07    -8.66    -9.23    -9.77 
  -18.69   -18.62   -18.54   -18.47   -18.39   -18.30   -18.21   -18.12   -18.02   -17.91   -17.80   -17.69   -17.57   -17.44   -17.30   -17.16   -17.01   -16.86   -16.69   -16.52     0.00   -16.14   -15.94   -15.72   -15.50   -15.26   -15.01   -14.75   -14.47   -14.18   -13.87   -13.55   -13.21   -12.86   -12.48   -12.08   -11.67   -11.23   -10.77   -10.28     0.00    -9.23    -8.66    -8.07    -7.44    -6.78    -6.08    -5.35    -4.58    -3.77    -2.91    -3.77    -4.58    -5.35    -6.08    -6.78    -7.44    -8.07    -8.66    -9.23 
  -18.62   -18.54   -18.47   -18.39   -18.30   -18.21   -18.12   -18.02   -17.91   -17.80   -17.69   -17.57   -17.44   -17.30   -17.16   -17.01   -16.86   -16.69   -16.52   -16.33   -16.14   -15.94   -15.72   -15.50   -15.26   -15.01   -14.75   -14.47   -14.18   -13.87   -13.55   -13.21   -12.86   -12.48   -12.08   -11.67   -11.23   -10.77   -10.28    -9.77    -9.23    -8.66    -8.07    -7.44    -6.78    -6.08    -5.35    -4.58    -3.77    -2.91    -2.01    -2.91    -3.77    -4.58    -5.35    -6.08    -6.78    -7.44    -8.07    -8.66 
  -18.54   -18.47   -18.39   -18.30   -18.21   -18.12   -18.02   -17.91   -17.80   -17.69   -17.57   -17.69   -17.57   -17.44   -17.30   -17.16   -17.01   -16.86   -16.69   -16.52     0.00   -15.72   -15.50   -15.26   -15.01   -14.75   -14.47   -14.18   -13.87   -13.55   -13.21   -13.55   -13.21   -12.86   -12.48   -12.08   -11.67   -11.23   -10.77   -10.28     0.00    -8.07    -7.44    -6.78    -6.08    -5.35    -4.58    -3.77    -2.91    -2.01    -1.07    -2.01    -2.91    -3.77    -4.58    -5.35    -6.08    -6.78    -7.44    -8.07 
  -18.47   -18.39   -18.30   -18.21   -18.12   -18.02   -17.91   -17.80   -17.69   -17.57   -17.44   -17.57   -17.69   -17.57   -17.44   -17.30   -17.16   -17.01   -16.86   -16.69     0.00   -15.50   -15.26   -15.01   -14.75   -14.47   -14.18   -13.87   -13.55   -13.21   -12.86   -13.21   -13.55   -13.21   -12.86   -12.48   -12.08   -11.67   -11.23   -10.77     0.00    -7.44    -6.78    -6.08    -5.35    -4.58    -3.77    -2.91    -2.01    -1.07    -0.07    -1.07    -2.01    -2.91    -3.77    -4.58    -5.35    -6.08    -6.78    -7.44 
  -18.39   -18.30   -18.21   -18.12   -18.02   -17.91   -17.80   -17.69   -17.57   -17.44   -17.30   -17.44   -17.57   -17.69   -17.57   -17.44   -17.30   -17.16   -17.01   -16.86     0.00   -15.26   -15.01   -14.75   -14.47   -14.18   -13.87   -13.55   -13.21   -12.86   -12.48   -12.86   -13.21   -13.55   -13.21   -12.86   -12.48   -12.08   -11.67   -11.23     0.00    -6.78    -6.08    -5.35    -4.58    -3.77    -2.91    -2.01    -1.07    -0.07     0.98    -0.07    -1.07    -2.01    -2.91    -3.77    -4.58    -5.35    -6.08    -6.78 
  -18.30   -18.21   -18.12   -18.02   -17.91   -17.80   -17.69   -17.57   -17.44   -17.30   -17.16   -17.30   -17.44   -17.57   -17.69   -17.57   -17.44   -17.30   -17.16   -17.01     0.00   -15.01   -14.75   -14.47   -14.18   -13.87   -13.55   -13.21   -12.86   -12.48   -12.08   -12.48   -12.86   -13.21   -13.55   -13.21   -12.86   -12.48   -12.08   -11.67     0.00    -6.08    -5.35    -4.58    -3.77    -2.91    -2.01    -1.07    -0.07     0.98     2.08     0.98    -0.07    -1.07    -2.01    -2.91    -3.77    -4.58    -5.35    -6.08 
  -18.21   -18.12   -18.02   -17.91   -17.80   -17.69   -17.57   -17.44   -17.30   -17.16   -17.01   -17.16   -17.30   -17.44   -17.57   -17.69   -17.57   -17.44   -17.30   -17.16     0.00   -14.75   -14.47   -14.18   -13.87   -13.55   -13.21   -12.86   -12.48   -12.08   -11.67   -12.08   -12.48   -12.86   -13.21   -13.55   -13.21   -12.86   -12.48   -12.08     0.00    -5.35    -4.58    -3.77    -2.91    -2.01    -1.07    -0.07     0.98     2.08     3.25     2.08     0.98    -0.07    -1.07    -2.01    -2.91    -3.77    -4.58    -5.35 
  -18.12   -18.02   -17.91   -17.80   -17.69   -17.57   -17.44   -17.30   -17.16   -17.01   -16.86   -17.01   -17.16   -17.30   -17.44   -17.57   -17.69   -17.57   -17.44   -17.30     0.00   -14.47   -14.18   -13.87   -13.55   -13.21   -12.86   -12.48   -12.08   -11.67   -11.23   -11.67   -12.08   -12.48   -12.86   -13.21   -13.55   -13.21   -12.86   -12.48     0.00    -4.58    -3.77    -2.91    -2.01    -1.07    -0.07     0.98     2.08     3.25     4.47     3.25     2.08     0.98    -0.07    -1.07    -2.01    -2.91    -3.77    -4.58 
  -18.02   -17.91   -17.80   -17.69   -17.57   -17.44   -17.30   -17.16   -17.01   -16.86   -16.69   -16.86   -17.01   -17.16   -17.30   -17.44   -17.57   -17.69   -17.57   -17.44     0.00   -14.18   -13.87   -13.55   -13.21   -12.86   -12.48   -12.08   -11.67   -11.23   -10.77   -11.23   -11.67   -12.08   -12.48   -12.86   -13.21   -13.55   -13.21   -12.86     0.00    -3.77    -2.91    -2.01    -1.07    -0.07     0.98     2.08     3.25     4.47     5.76     4.47     3.25     2.08     0.98    -0.07    -1.07    -2.01    -2.91    -3.77 
  -17.91   -17.80   -17.69   -17.57   -17.44   -17.30   -17.16   -17.01   -16.86   -16.69   -16.52   -16.69   -16.86   -17.01   -17.16   -17.30   -17.44   -17.57   -17.69   -17.57     0.00   -13.87   -13.55   -13.21   -12.86   -12.48   -12.08   -11.67   -11.23   -10.77   -10.28   -10.77   -11.23   -11.67   -12.08   -12.48   -12.86   -13.21   -13.55   -13.21     0.00    -2.91    -2.01    -1.07    -0.07     0.98     2.08     3.25     4.47     5.76     7.11     5.76     4.47     3.25     2.08     0.98    -0.07    -1.07    -2.01    -2.91 
  -17.80   -17.69   -17.57   -17.44   -17.30   -17.16   -17.01   -16.86   -16.69   -16.52   -16.33   -16.52   -16.69   -16.86   -17.01   -17.16   -17.30   -17.44   -17.57   -17.69     0.00   -13.55   -13.21   -12.86   -12.48   -12.08   -11.67   -11.23   -10.77   -10.28    -9.77   -10.28   -10.77   -11.23   -11.67   -12.08   -12.48   -12.86   -13.21   -13.55     0.00    -2.01    -1.07    -0.07     0.98     2.08     3.25     4.47     5.76     7.11     8.54     7.11     5.76     4.47     3.25     2.08     0.98    -0.07    -1.07    -2.01 
    0.00     0.00     0.00     0.00     0.00     0.00     0.00     0.00     0.00     0.00   -16.14     0.00     0.00     0.00     0.00     0.00     0.00     0.00     0.00     0.00     0.00     0.00     0.00     0.00     0.00     0.00     0.00     0.00     0.00     0.00    -9.23     0.00     0.00     0.00     0.00     0.00     0.00     0.00     0.00     0.00     0.00     0.00     0.00     0.00     0.00     0.00     0.00     0.00     0.00     0.00    10.04     0.00     0.00     0.00     0.00     0.00     0.00     0.00     0.00     0.00 
  -17.57   -17.44   -17.30   -17.16   -17.01   -16.86   -16.69   -16.52   -16.33   -16.14   -15.94   -15.72   -15.50   -15.26   -15.01   -14.75   -14.47   -14.18   -13.87   -13.55     0.00   -12.86   -12.48   -12.08   -11.67   -11.23   -10.77   -10.28    -9.77    -9.23    -8.66    -8.07    -7.44    -6.78    -6.08    -5.35    -4.58    -3.77    -2.91    -2.01     0.00    -0.07     0.98     2.08     3.25     4.47     5.76     7.11     8.54    10.04    11.62    13.29    15.04    16.88    18.82    20.87    23.02    25.28    27.67    30.17 
  -17.44   -17.30   -17.16   -17.01   -16.86   -16.69   -16.52   -16.33   -16.14   -15.94   -15.72   -15.50   -15.26   -15.01   -14.75   -14.47   -14.18   -13.87   -13.55   -13.21     0.00   -12.48   -12.08   -11.67   -11.23   -10.77   -10.28    -9.77    -9.23    -8.66    -8.07    -7.44    -6.78    -6.08    -5.35    -4.58    -3.77    -2.91    -2.01    -1.07     0.00     0.98     2.08     3.25     4.47     5.76     7.11     8.54    10.04    11.62    13.29    15.04    16.88    18.82    20.87    23.02    25.28    27.67    30.17    32.82 
  -17.30   -17.16   -17.01   -16.86   -16.69   -16.52   -16.33   -16.14   -15.94   -15.72   -15.50   -15.26   -15.01   -14.75   -14.47   -14.18   -13.87   -13.55   -13.21   -12.86     0.00   -12.08   -11.67   -11.23   -10.77   -10.28    -9.77    -9.23    -8.66    -8.07    -7.44    -6.78    -6.08    -5.35    -4.58    -3.77    -2.91    -2.01    -1.07    -0.07     0.00     2.08     3.25     4.47     5.76     7.11     8.54    10.04    11.62    13.29    15.04    16.88    18.82    20.87    23.02    25.28    27.67    30.17    32.82    35.59 
  -17.16   -17.01   -16.86   -16.69   -16.52   -16.33   -16.14   -15.94   -15.72   -15.50   -15.26   -15.01   -14.75   -14.47   -14.18   -13.87   -13.55   -13.21   -12.86   -12.48     0.00   -11.67   -11.23   -10.77   -10.28    -9.77    -9.23    -8.66    -8.07    -7.44    -6.78    -6.08    -5.35    -4.58    -3.77    -2.91    -2.01    -1.07    -0.07     0.98     0.00     3.25     4.47     5.76     7.11     8.54    10.04    11.62    13.29    15.04    16.88    18.82    20.87    23.02    25.28    27.67    30.17    32.82    35.59    38.52 
  -17.01   -16.86   -16.69   -16.52   -16.33   -16.14   -15.94   -15.72   -15.50   -15.26   -15.01   -14.75   -14.47   -14.18   -13.87   -13.55   -13.21   -12.86   -12.48   -12.08     0.00   -11.23   -10.77   -10.28    -9.77    -9.23    -8.66    -8.07    -7.44    -6.78    -6.08    -5.35    -4.58    -3.77    -2.91    -2.01    -1.07    -0.07     0.98     2.08     0.00     4.47     5.76     7.11     8.54    10.04    11.62    13.29    15.04    16.88    18.82    20.87    23.02    25.28    27.67    30.17    32.82    35.59    38.52    41.60 
  -16.86   -16.69   -16.52   -16.33   -16.14   -15.94   -15.72   -15.50   -15.26   -15.01   -14.75   -14.47   -14.18   -13.87   -13.55   -13.21   -12.86   -12.48   -12.08   -11.67     0.00   -10.77   -10.28    -9.77    -9.23    -8.66    -8.07    -7.44    -6.78    -6.08    -5.35    -4.58    -3.77    -2.91    -2.01    -1.07    -0.07     0.98     2.08     3.25     0.00     5.76     7.11     8.54    10.04    11.62    13.29    15.04    16.88    18.82    20.87    23.02    25.28    27.67    30.17    32.82    35.59    38.52    41.60    44.84 
  -16.69   -16.52   -16.33   -16.14   -15.94   -15.72   -15.50   -15.26   -15.01   -14.75   -14.47   -14.18   -13.87   -13.55   -13.21   -12.86   -12.48   -12.08   -11.67   -11.23     0.00   -10.28    -9.77    -9.23    -8.66    -8.07    -7.44    -6.78    -6.08    -5.35    -4.58    -3.77    -2.91    -2.01    -1.07    -0.07     0.98     2.08     3.25     4.47     0.00     7.11     8.54    10.04    11.62    13.29    15.04    16.88    18.82    20.87    23.02    25.28    27.67    30.17    32.82    35.59    38.52    41.60    44.84    48.26 
  -16.52   -16.33   -16.14   -15.94   -15.72   -15.50   -15.26   -15.01   -14.75   -14.47   -14.18   -13.87   -13.55   -13.21   -12.86   -12.48   -12.08   -11.67   -11.23   -10.77     0.00    -9.77    -9.23    -8.66    -8.07    -7.44    -6.78    -6.08    -5.35    -4.58    -3.77    -2.91    -2.01    -1.07    -0.07     0.98     2.08     3.25     4.47     5.76     0.00     8.54    10.04    11.62    13.29    15.04    16.88    18.82    20.87    23.02    25.28    27.67    30.17    32.82    35.59    38.52    41.60    44.84    48.26    51.85 
  -16.33   -16.14   -15.94   -15.72   -15.50   -15.26   -15.01   -14.75   -14.47   -14.18   -13.87   -13.55   -13.21   -12.86   -12.48   -12.08   -11.67   -11.23   -10.77   -10.28     0.00    -9.23    -8.66    -8.07    -7.44    -6.78    -6.08    -5.35    -4.58    -3.77    -2.91    -2.01    -1.07    -0.07     0.98     2.08     3.25     4.47     5.76     7.11     0.00    10.04    11.62    13.29    15.04    16.88    18.82    20.87    23.02    25.28    27.67    30.17    32.82    35.59    38.52    41.60    44.84    48.26    51.85    55.63 
  -16.14   -15.94   -15.72   -15.50   -15.26   -15.01   -14.75   -14.47   -14.18   -13.87   -13.55   -13.21   -12.86   -12.48   -12.08   -11.67   -11.23   -10.77   -10.28    -9.77    -9.23    -8.66    -8.07    -7.44    -6.78    -6.08    -5.35    -4.58    -3.77    -2.91    -2.01    -1.07    -0.07     0.98     2.08     3.25     4.47     5.76     7.11     8.54    10.04    11.62    13.29    15.04    16.88    18.82    20.87    23.02    25.28    27.67    30.17    32.82    35.59    38.52    41.60    44.84    48.26    51.85    55.63    59.61 
  -16.33   -16.14   -15.94   -15.72   -15.50   -15.26   -15.01   -14.75   -14.47   -14.18   -13.87   -13.55   -13.21   -12.86   -12.48   -12.08   -11.67   -11.23   -10.77   -10.28     0.00    -9.23    -8.66    -8.07    -7.44    -6.78    -6.08    -5.35    -4.58    -3.77    -2.91    -2.01    -1.07    -0.07     0.98     2.08     3.25     4.47     5.76     7.11     0.00    13.29    15.04    16.88    18.82    20.87    23.02    25.28    27.67    30.17    32.82    35.59    38.52    41.60    44.84    48.26    51.85    55.63    59.61    63.80 
  -16.52   -16.33   -16.14   -15.94   -15.72   -15.50   -15.26   -15.01   -14.75   -14.47   -14.18   -13.87   -13.55   -13.21   -12.86   -12.48   -12.08   -11.67   -11.23   -10.77     0.00    -9.77    -9.23    -8.66    -8.07    -7.44    -6.78    -6.08    -5.35    -4.58    -3.77    -2.91    -2.01    -1.07    -0.07     0.98     2.08     3.25     4.47     5.76     0.00    15.04    16.88    18.82    20.87    23.02    25.28    27.67    30.17    32.82    35.59    38.52    41.60    44.84    48.26    51.85    55.63    59.61    63.80    68.21 
  -16.69   -16.52   -16.33   -16.14   -15.94   -15.72   -15.50   -15.26   -15.01   -14.75   -14.47   -14.18   -13.87   -13.55   -13.21   -12.86   -12.48   -12.08   -11.67   -11.23     0.00   -10.28    -9.77    -9.23    -8.66    -8.07    -7.44    -6.78    -6.08    -5.35    -4.58    -3.77    -2.91    -2.01    -1.07    -0.07     0.98     2.08     3.25     4.47     0.00    16.88    18.82    20.87    23.02    25.28    27.67    30.17    32.82    35.59    38.52    41.60    44.84    48.26    51.85    55.63    59.61    63.80    68.21    72.85 
  -16.86   -16.69   -16.52   -16.33   -16.14   -15.94   -15.72   -15.50   -15.26   -15.01   -14.75   -14.47   -14.18   -13.87   -13.55   -13.21   -12.86   -12.48   -12.08   -11.67     0.00   -10.77   -10.28    -9.77    -9.23    -8.66    -8.07    -7.44    -6.78    -6.08    -5.35    -4.58    -3.77    -2.91    -2.01    -1.07    -0.07     0.98     2.08     3.25     0.00    18.82    20.87    23.02    25.28    27.67    30.17    32.82    35.59    38.52    41.60    44.84    48.26    51.85    55.63    59.61    63.80    68.21    72.85    77.74 
  -17.01   -16.86   -16.69   -16.52   -16.33   -16.14   -15.94   -15.72   -15.50   -15.26   -15.01   -14.75   -14.47   -14.18   -13.87   -13.55   -13.21   -12.86   -12.48   -12.08     0.00   -11.23   -10.77   -10.28    -9.77    -9.23    -8.66    -8.07    -7.44    -6.78    -6.08    -5.35    -4.58    -3.77    -2.91    -2.01    -1.07    -0.07     0.98     2.08     0.00    20.87    23.02    25.28    27.67    30.17    32.82    35.59    38.52    41.60    44.84    48.26    51.85    55.63    59.61    63.80    68.21    72.85    77.74    82.88 
  -17.16   -17.01   -16.86   -16.69   -16.52   -16.33   -16.14   -15.94   -15.72   -15.50   -15.26   -15.01   -14.75   -14.47   -14.18   -13.87   -13.55   -13.21   -12.86   -12.48     0.00   -11.67   -11.23   -10.77   -10.28    -9.77    -9.23    -8.66    -8.07    -7.44    -6.78    -6.08    -5.35    -4.58    -3.77    -2.91    -2.01    -1.07    -0.07     0.98     0.00    23.02    25.28    27.67    30.17    32.82    35.59    38.52    41.60    44.84    48.26    51.85    55.63    59.61    63.80    68.21    72.85    77.74    82.88    88.30 
  -17.30   -17.16   -17.01   -16.86   -16.69   -16.52   -16.33   -16.14   -15.94   -15.72   -15.50   -15.26   -15.01   -14.75   -14.47   -14.18   -13.87   -13.55   -13.21   -12.86     0.00   -12.08   -11.67   -11.23   -10.77   -10.28    -9.77    -9.23    -8.66    -8.07    -7.44    -6.78    -6.08    -5.35    -4.58    -3.77    -2.91    -2.01    -1.07    -0.07     0.00    25.28    27.67    30.17    32.82    35.59    38.52    41.60    44.84    48.26    51.85    55.63    59.61    63.80    68.21    72.85    77.74    82.88    88.30    94.00 
  -17.44   -17.30   -17.16   -17.01   -16.86   -16.69   -16.52   -16.33   -16.14   -15.94   -15.72   -15.50   -15.26   -15.01   -14.75   -14.47   -14.18   -13.87   -13.55   -13.21     0.00   -12.48   -12.08   -11.67   -11.23   -10.77   -10.28    -9.77    -9.23    -8.66    -8.07    -7.44    -6.78    -6.08    -5.35    -4.58    -3.77    -2.91    -2.01    -1.07     0.00    27.67    30.17    32.82    35.59    38.52    41.60    44.84    48.26    51.85    55.63    59.61    63.80    68.21    72.85    77.74    82.88    88.30    94.00   100.00 
  -17.57   -17.44   -17.30   -17.16   -17.01   -16.86   -16.69   -16.52   -16.33   -16.14   -15.94   -15.72   -15.50   -15.26   -15.01   -14.75   -14.47   -14.18   -13.87   -13.55     0.00   -12.86   -12.48   -12.08   -11.67   -11.23   -10.77   -10.28    -9.77    -9.23    -8.66    -8.07    -7.44    -6.78    -6.08    -5.35    -4.58    -3.77    -2.91    -2.01     0.00    30.17    32.82    35.59    38.52    41.60    44.84    48.26    51.85    55.63    59.61    63.80    68.21    72.85    77.74    82.88    88.30    94.00   100.00     0.00 

--- POLITICA OTTIMA pi* ---
  v    v    v    v    v    v    v    v    v    v    v    v    v    v    v    v    v    v    v    v    .    v    v    v    v    v    v    v    v    v    v    v    v    v    v    v    v    v    v    v    .    v    v    v    v    v    v    v    v    v    v    v    v    v    v    v    v    v    v    v  
  v    v    v    v    v    v    v    v    v    v    v    v    v    v    v    v    v    v    v    v    .    v    v    v    v    v    v    v    v    v    v    v    v    v    v    v    v    v    v    v    .    v    v    v    v    v    v    v    v    v    v    v    v    v    v    v    v    v    v    v  
  v    v    v    v    v    v    v    v    v    v    v    v    v    v    v    v    v    v    v    v    .    v    v    v    v    v    v    v    v    v    v    v    v    v    v    v    v    v    v    v    .    v    v    v    v    v    v    v    v    v    v    v    v    v    v    v    v    v    v    v  
  v    v    v    v    v    v    v    v    v    v    v    v    v    v    v    v    v    v    v    v    .    v    v    v    v    v    v    v    v    v    v    v    v    v    v    v    v    v    v    v    .    v    v    v    v    v    v    v    v    v    v    v    v    v    v    v    v    v    v    v  
  v    v    v    v    v    v    v    v    v    v    v    v    v    v    v    v    v    v    v    v    .    v    v    v    v    v    v    v    v    v    v    v    v    v    v    v    v    v    v    v    .    v    v    v    v    v    v    v    v    v    v    v    v    v    v    v    v    v    v    v  
  v    v    v    v    v    v    v    v    v    v    v    v    v    v    v    v    v    v    v    v    .    v    v    v    v    v    v    v    v    v    v    v    v    v    v    v    v    v    v    v    .    v    v    v    v    v    v    v    v    v    v    v    v    v    v    v    v    v    v    v  
  v    v    v    v    v    v    v    v    v    v    v    v    v    v    v    v    v    v    v    v    .    v    v    v    v    v    v    v    v    v    v    v    v    v    v    v    v    v    v    v    .    v    v    v    v    v    v    v    v    v    v    v    v    v    v    v    v    v    v    v  
  v    v    v    v    v    v    v    v    v    v    v    v    v    v    v    v    v    v    v    v    .    v    v    v    v    v    v    v    v    v    v    v    v    v    v    v    v    v    v    v    .    v    v    v    v    v    v    v    v    v    v    v    v    v    v    v    v    v    v    v  
  v    v    v    v    v    v    v    v    v    v    v    v    v    v    v    v    v    v    v    v    .    v    v    v    v    v    v    v    v    v    v    v    v    v    v    v    v    v    v    v    .    v    v    v    v    v    v    v    v    v    v    v    v    v    v    v    v    v    v    v  
  v    v    v    v    v    v    v    v    v    v    v    v    v    v    v    v    v    v    v    v    .    v    v    v    v    v    v    v    v    v    v    v    v    v    v    v    v    v    v    v    .    v    v    v    v    v    v    v    v    v    v    v    v    v    v    v    v    v    v    v  
  v    v    v    v    v    v    v    v    v    v    v    >    >    >    >    >    >    >    >    >    >    v    v    v    v    v    v    v    v    v    v    >    >    >    >    >    >    >    >    >    >    v    v    v    v    v    v    v    v    v    v    v    v    v    v    v    v    v    v    v  
  v    v    v    v    v    v    v    v    v    v    v    ^    ^    ^    ^    ^    ^    ^    ^    ^    .    v    v    v    v    v    v    v    v    v    v    ^    ^    ^    ^    ^    ^    ^    ^    ^    .    v    v    v    v    v    v    v    v    v    v    v    v    v    v    v    v    v    v    v  
  v    v    v    v    v    v    v    v    v    v    v    v    ^    ^    ^    ^    ^    ^    ^    ^    .    v    v    v    v    v    v    v    v    v    v    v    ^    ^    ^    ^    ^    ^    ^    ^    .    v    v    v    v    v    v    v    v    v    v    v    v    v    v    v    v    v    v    v  
  v    v    v    v    v    v    v    v    v    v    v    v    v    ^    ^    ^    ^    ^    ^    ^    .    v    v    v    v    v    v    v    v    v    v    v    v    ^    ^    ^    ^    ^    ^    ^    .    v    v    v    v    v    v    v    v    v    v    v    v    v    v    v    v    v    v    v  
  v    v    v    v    v    v    v    v    v    v    v    v    v    v    ^    ^    ^    ^    ^    ^    .    v    v    v    v    v    v    v    v    v    v    v    v    v    ^    ^    ^    ^    ^    ^    .    v    v    v    v    v    v    v    v    v    v    v    v    v    v    v    v    v    v    v  
  v    v    v    v    v    v    v    v    v    v    v    v    v    v    v    ^    ^    ^    ^    ^    .    v    v    v    v    v    v    v    v    v    v    v    v    v    v    ^    ^    ^    ^    ^    .    v    v    v    v    v    v    v    v    v    v    v    v    v    v    v    v    v    v    v  
  v    v    v    v    v    v    v    v    v    v    v    v    v    v    v    v    ^    ^    ^    ^    .    v    v    v    v    v    v    v    v    v    v    v    v    v    v    v    ^    ^    ^    ^    .    v    v    v    v    v    v    v    v    v    v    v    v    v    v    v    v    v    v    v  
  v    v    v    v    v    v    v    v    v    v    v    v    v    v    v    v    v    ^    ^    ^    .    v    v    v    v    v    v    v    v    v    v    v    v    v    v    v    v    ^    ^    ^    .    v    v    v    v    v    v    v    v    v    v    v    v    v    v    v    v    v    v    v  
  v    v    v    v    v    v    v    v    v    v    v    v    v    v    v    v    v    v    ^    ^    .    v    v    v    v    v    v    v    v    v    v    v    v    v    v    v    v    v    ^    ^    .    v    v    v    v    v    v    v    v    v    v    v    v    v    v    v    v    v    v    v  
  >    >    >    >    >    >    >    >    >    >    v    <    <    <    <    <    <    <    <    ^    .    >    >    >    >    >    >    >    >    >    v    <    <    <    <    <    <    <    <    ^    .    >    >    >    >    >    >    >    >    >    v    <    <    <    <    <    <    <    <    <  
  .    .    .    .    .    .    .    .    .    .    v    .    .    .    .    .    .    .    .    .    .    .    .    .    .    .    .    .    .    .    v    .    .    .    .    .    .    .    .    .    .    .    .    .    .    .    .    .    .    .    v    .    .    .    .    .    .    .    .    .  
  v    v    v    v    v    v    v    v    v    v    v    v    v    v    v    v    v    v    v    v    .    v    v    v    v    v    v    v    v    v    v    v    v    v    v    v    v    v    v    v    .    v    v    v    v    v    v    v    v    v    v    v    v    v    v    v    v    v    v    v  
  v    v    v    v    v    v    v    v    v    v    v    v    v    v    v    v    v    v    v    v    .    v    v    v    v    v    v    v    v    v    v    v    v    v    v    v    v    v    v    v    .    v    v    v    v    v    v    v    v    v    v    v    v    v    v    v    v    v    v    v  
  v    v    v    v    v    v    v    v    v    v    v    v    v    v    v    v    v    v    v    v    .    v    v    v    v    v    v    v    v    v    v    v    v    v    v    v    v    v    v    v    .    v    v    v    v    v    v    v    v    v    v    v    v    v    v    v    v    v    v    v  
  v    v    v    v    v    v    v    v    v    v    v    v    v    v    v    v    v    v    v    v    .    v    v    v    v    v    v    v    v    v    v    v    v    v    v    v    v    v    v    v    .    v    v    v    v    v    v    v    v    v    v    v    v    v    v    v    v    v    v    v  
  v    v    v    v    v    v    v    v    v    v    v    v    v    v    v    v    v    v    v    v    .    v    v    v    v    v    v    v    v    v    v    v    v    v    v    v    v    v    v    v    .    v    v    v    v    v    v    v    v    v    v    v    v    v    v    v    v    v    v    v  
  v    v    v    v    v    v    v    v    v    v    v    v    v    v    v    v    v    v    v    v    .    v    v    v    v    v    v    v    v    v    v    v    v    v    v    v    v    v    v    v    .    v    v    v    v    v    v    v    v    v    v    v    v    v    v    v    v    v    v    v  
  v    v    v    v    v    v    v    v    v    v    v    v    v    v    v    v    v    v    v    v    .    v    v    v    v    v    v    v    v    v    v    v    v    v    v    v    v    v    v    v    .    v    v    v    v    v    v    v    v    v    v    v    v    v    v    v    v    v    v    v  
  v    v    v    v    v    v    v    v    v    v    v    v    v    v    v    v    v    v    v    v    .    v    v    v    v    v    v    v    v    v    v    v    v    v    v    v    v    v    v    v    .    v    v    v    v    v    v    v    v    v    v    v    v    v    v    v    v    v    v    v  
  v    v    v    v    v    v    v    v    v    v    v    v    v    v    v    v    v    v    v    v    .    v    v    v    v    v    v    v    v    v    v    v    v    v    v    v    v    v    v    v    .    v    v    v    v    v    v    v    v    v    v    v    v    v    v    v    v    v    v    v  
  v    v    v    v    v    v    v    v    v    v    v    >    >    >    >    >    >    >    >    >    >    v    v    v    v    v    v    v    v    v    v    >    >    >    >    >    >    >    >    >    >    v    v    v    v    v    v    v    v    v    v    v    v    v    v    v    v    v    v    v  
  v    v    v    v    v    v    v    v    v    v    v    ^    ^    ^    ^    ^    ^    ^    ^    ^    .    v    v    v    v    v    v    v    v    v    v    ^    ^    ^    ^    ^    ^    ^    ^    ^    .    v    v    v    v    v    v    v    v    v    v    v    v    v    v    v    v    v    v    v  
  v    v    v    v    v    v    v    v    v    v    v    v    ^    ^    ^    ^    ^    ^    ^    ^    .    v    v    v    v    v    v    v    v    v    v    v    ^    ^    ^    ^    ^    ^    ^    ^    .    v    v    v    v    v    v    v    v    v    v    v    v    v    v    v    v    v    v    v  
  v    v    v    v    v    v    v    v    v    v    v    v    v    ^    ^    ^    ^    ^    ^    ^    .    v    v    v    v    v    v    v    v    v    v    v    v    ^    ^    ^    ^    ^    ^    ^    .    v    v    v    v    v    v    v    v    v    v    v    v    v    v    v    v    v    v    v  
  v    v    v    v    v    v    v    v    v    v    v    v    v    v    ^    ^    ^    ^    ^    ^    .    v    v    v    v    v    v    v    v    v    v    v    v    v    ^    ^    ^    ^    ^    ^    .    v    v    v    v    v    v    v    v    v    v    v    v    v    v    v    v    v    v    v  
  v    v    v    v    v    v    v    v    v    v    v    v    v    v    v    ^    ^    ^    ^    ^    .    v    v    v    v    v    v    v    v    v    v    v    v    v    v    ^    ^    ^    ^    ^    .    v    v    v    v    v    v    v    v    v    v    v    v    v    v    v    v    v    v    v  
  v    v    v    v    v    v    v    v    v    v    v    v    v    v    v    v    ^    ^    ^    ^    .    v    v    v    v    v    v    v    v    v    v    v    v    v    v    v    ^    ^    ^    ^    .    v    v    v    v    v    v    v    v    v    v    v    v    v    v    v    v    v    v    v  
  v    v    v    v    v    v    v    v    v    v    v    v    v    v    v    v    v    ^    ^    ^    .    v    v    v    v    v    v    v    v    v    v    v    v    v    v    v    v    ^    ^    ^    .    v    v    v    v    v    v    v    v    v    v    v    v    v    v    v    v    v    v    v  
  v    v    v    v    v    v    v    v    v    v    v    v    v    v    v    v    v    v    ^    ^    .    v    v    v    v    v    v    v    v    v    v    v    v    v    v    v    v    v    ^    ^    .    v    v    v    v    v    v    v    v    v    v    v    v    v    v    v    v    v    v    v  
  >    >    >    >    >    >    >    >    >    >    v    <    <    <    <    <    <    <    <    ^    .    >    >    >    >    >    >    >    >    >    v    <    <    <    <    <    <    <    <    ^    .    >    >    >    >    >    >    >    >    >    v    <    <    <    <    <    <    <    <    <  
  .    .    .    .    .    .    .    .    .    .    v    .    .    .    .    .    .    .    .    .    .    .    .    .    .    .    .    .    .    .    v    .    .    .    .    .    .    .    .    .    .    .    .    .    .    .    .    .    .    .    v    .    .    .    .    .    .    .    .    .  
  v    v    v    v    v    v    v    v    v    v    v    v    v    v    v    v    v    v    v    v    .    v    v    v    v    v    v    v    v    v    v    v    v    v    v    v    v    v    v    v    .    v    v    v    v    v    v    v    v    v    v    v    v    v    v    v    v    v    v    v  
  v    v    v    v    v    v    v    v    v    v    v    v    v    v    v    v    v    v    v    v    .    v    v    v    v    v    v    v    v    v    v    v    v    v    v    v    v    v    v    v    .    v    v    v    v    v    v    v    v    v    v    v    v    v    v    v    v    v    v    v  
  v    v    v    v    v    v    v    v    v    v    v    v    v    v    v    v    v    v    v    v    .    v    v    v    v    v    v    v    v    v    v    v    v    v    v    v    v    v    v    v    .    v    v    v    v    v    v    v    v    v    v    v    v    v    v    v    v    v    v    v  
  v    v    v    v    v    v    v    v    v    v    v    v    v    v    v    v    v    v    v    v    .    v    v    v    v    v    v    v    v    v    v    v    v    v    v    v    v    v    v    v    .    v    v    v    v    v    v    v    v    v    v    v    v    v    v    v    v    v    v    v  
  v    v    v    v    v    v    v    v    v    v    v    v    v    v    v    v    v    v    v    v    .    v    v    v    v    v    v    v    v    v    v    v    v    v    v    v    v    v    v    v    .    v    v    v    v    v    v    v    v    v    v    v    v    v    v    v    v    v    v    v  
  v    v    v    v    v    v    v    v    v    v    v    v    v    v    v    v    v    v    v    v    .    v    v    v    v    v    v    v    v    v    v    v    v    v    v    v    v    v    v    v    .    v    v    v    v    v    v    v    v    v    v    v    v    v    v    v    v    v    v    v  
  v    v    v    v    v    v    v    v    v    v    v    v    v    v    v    v    v    v    v    v    .    v    v    v    v    v    v    v    v    v    v    v    v    v    v    v    v    v    v    v    .    v    v    v    v    v    v    v    v    v    v    v    v    v    v    v    v    v    v    v  
  v    v    v    v    v    v    v    v    v    v    v    v    v    v    v    v    v    v    v    v    .    v    v    v    v    v    v    v    v    v    v    v    v    v    v    v    v    v    v    v    .    v    v    v    v    v    v    v    v    v    v    v    v    v    v    v    v    v    v    v  
  v    v    v    v    v    v    v    v    v    v    v    v    v    v    v    v    v    v    v    v    .    v    v    v    v    v    v    v    v    v    v    v    v    v    v    v    v    v    v    v    .    v    v    v    v    v    v    v    v    v    v    v    v    v    v    v    v    v    v    v  
  >    >    >    >    >    >    >    >    >    >    >    >    >    >    >    >    >    >    >    >    >    >    >    >    >    >    >    >    >    >    >    >    >    >    >    >    >    >    >    >    >    v    v    v    v    v    v    v    v    v    v    v    v    v    v    v    v    v    v    v  
  ^    ^    ^    ^    ^    ^    ^    ^    ^    ^    ^    ^    ^    ^    ^    ^    ^    ^    ^    ^    .    ^    ^    ^    ^    ^    ^    ^    ^    ^    ^    ^    ^    ^    ^    ^    ^    ^    ^    ^    .    v    v    v    v    v    v    v    v    v    v    v    v    v    v    v    v    v    v    v  
  ^    ^    ^    ^    ^    ^    ^    ^    ^    ^    ^    ^    ^    ^    ^    ^    ^    ^    ^    ^    .    ^    ^    ^    ^    ^    ^    ^    ^    ^    ^    ^    ^    ^    ^    ^    ^    ^    ^    ^    .    v    v    v    v    v    v    v    v    v    v    v    v    v    v    v    v    v    v    v  
  ^    ^    ^    ^    ^    ^    ^    ^    ^    ^    ^    ^    ^    ^    ^    ^    ^    ^    ^    ^    .    ^    ^    ^    ^    ^    ^    ^    ^    ^    ^    ^    ^    ^    ^    ^    ^    ^    ^    ^    .    v    v    v    v    v    v    v    v    v    v    v    v    v    v    v    v    v    v    v  
  ^    ^    ^    ^    ^    ^    ^    ^    ^    ^    ^    ^    ^    ^    ^    ^    ^    ^    ^    ^    .    ^    ^    ^    ^    ^    ^    ^    ^    ^    ^    ^    ^    ^    ^    ^    ^    ^    ^    ^    .    v    v    v    v    v    v    v    v    v    v    v    v    v    v    v    v    v    v    v  
  ^    ^    ^    ^    ^    ^    ^    ^    ^    ^    ^    ^    ^    ^    ^    ^    ^    ^    ^    ^    .    ^    ^    ^    ^    ^    ^    ^    ^    ^    ^    ^    ^    ^    ^    ^    ^    ^    ^    ^    .    v    v    v    v    v    v    v    v    v    v    v    v    v    v    v    v    v    v    v  
  ^    ^    ^    ^    ^    ^    ^    ^    ^    ^    ^    ^    ^    ^    ^    ^    ^    ^    ^    ^    .    ^    ^    ^    ^    ^    ^    ^    ^    ^    ^    ^    ^    ^    ^    ^    ^    ^    ^    ^    .    v    v    v    v    v    v    v    v    v    v    v    v    v    v    v    v    v    v    v  
  ^    ^    ^    ^    ^    ^    ^    ^    ^    ^    ^    ^    ^    ^    ^    ^    ^    ^    ^    ^    .    ^    ^    ^    ^    ^    ^    ^    ^    ^    ^    ^    ^    ^    ^    ^    ^    ^    ^    ^    .    v    v    v    v    v    v    v    v    v    v    v    v    v    v    v    v    v    v    v  
  ^    ^    ^    ^    ^    ^    ^    ^    ^    ^    ^    ^    ^    ^    ^    ^    ^    ^    ^    ^    .    ^    ^    ^    ^    ^    ^    ^    ^    ^    ^    ^    ^    ^    ^    ^    ^    ^    ^    ^    .    v    v    v    v    v    v    v    v    v    v    v    v    v    v    v    v    v    v    v  
  ^    ^    ^    ^    ^    ^    ^    ^    ^    ^    ^    ^    ^    ^    ^    ^    ^    ^    ^    ^    .    ^    ^    ^    ^    ^    ^    ^    ^    ^    ^    ^    ^    ^    ^    ^    ^    ^    ^    ^    .    >    >    >    >    >    >    >    >    >    >    >    >    >    >    >    >    >    >    .  

--- GRIGLIA CON PERCORSO ROBOT ('S'=Start, 'G'=Goal, '*'=Percorso, '#'=Ostacolo) ---
S . . . . . . . . . . . . . . . . . . . # . . . . . . . . . . . . . . . . . . . # . . . . . . . . . . . . . . . . . . . 
* . . . . . . . . . . . . . . . . . . . # . . . . . . . . . . . . . . . . . . . # . . . . . . . . . . . . . . . . . . . 
* . . . . . . . . . . . . . . . . . . . # . . . . . . . . . . . . . . . . . . . # . . . . . . . . . . . . . . . . . . . 
* . . . . . . . . . . . . . . . . . . . # . . . . . . . . . . . . . . . . . . . # . . . . . . . . . . . . . . . . . . . 
* . . . . . . . . . . . . . . . . . . . # . . . . . . . . . . . . . . . . . . . # . . . . . . . . . . . . . . . . . . . 
* . . . . . . . . . . . . . . . . . . . # . . . . . . . . . . . . . . . . . . . # . . . . . . . . . . . . . . . . . . . 
* . . . . . . . . . . . . . . . . . . . # . . . . . . . . . . . . . . . . . . . # . . . . . . . . . . . . . . . . . . . 
* . . . . . . . . . . . . . . . . . . . # . . . . . . . . . . . . . . . . . . . # . . . . . . . . . . . . . . . . . . . 
* . . . . . . . . . . . . . . . . . . . # . . . . . . . . . . . . . . . . . . . # . . . . . . . . . . . . . . . . . . . 
* . . . . . . . . . . . . . . . . . . . # . . . . . . . . . . . . . . . . . . . # . . . . . . . . . . . . . . . . . . . 
* . . . . . . . . . . . . . . . . . . . . . . . . . . . . . . . . . . . . . . . . . . . . . . . . . . . . . . . . . . . 
* . . . . . . . . . . . . . . . . . . . # . . . . . . . . . . . . . . . . . . . # . . . . . . . . . . . . . . . . . . . 
* . . . . . . . . . . . . . . . . . . . # . . . . . . . . . . . . . . . . . . . # . . . . . . . . . . . . . . . . . . . 
* . . . . . . . . . . . . . . . . . . . # . . . . . . . . . . . . . . . . . . . # . . . . . . . . . . . . . . . . . . . 
* . . . . . . . . . . . . . . . . . . . # . . . . . . . . . . . . . . . . . . . # . . . . . . . . . . . . . . . . . . . 
* . . . . . . . . . . . . . . . . . . . # . . . . . . . . . . . . . . . . . . . # . . . . . . . . . . . . . . . . . . . 
* . . . . . . . . . . . . . . . . . . . # . . . . . . . . . . . . . . . . . . . # . . . . . . . . . . . . . . . . . . . 
* . . . . . . . . . . . . . . . . . . . # . . . . . . . . . . . . . . . . . . . # . . . . . . . . . . . . . . . . . . . 
* . . . . . . . . . . . . . . . . . . . # . . . . . . . . . . . . . . . . . . . # . . . . . . . . . . . . . . . . . . . 
* * * * * * * * * * * . . . . . . . . . # . . . . . . . . . . . . . . . . . . . # . . . . . . . . . . . . . . . . . . . 
# # # # # # # # # # * # # # # # # # # # # # # # # # # # # # . # # # # # # # # # # # # # # # # # # # . # # # # # # # # # 
. . . . . . . . . . * . . . . . . . . . # . . . . . . . . . . . . . . . . . . . # . . . . . . . . . . . . . . . . . . . 
. . . . . . . . . . * . . . . . . . . . # . . . . . . . . . . . . . . . . . . . # . . . . . . . . . . . . . . . . . . . 
. . . . . . . . . . * . . . . . . . . . # . . . . . . . . . . . . . . . . . . . # . . . . . . . . . . . . . . . . . . . 
. . . . . . . . . . * . . . . . . . . . # . . . . . . . . . . . . . . . . . . . # . . . . . . . . . . . . . . . . . . . 
. . . . . . . . . . * . . . . . . . . . # . . . . . . . . . . . . . . . . . . . # . . . . . . . . . . . . . . . . . . . 
. . . . . . . . . . * . . . . . . . . . # . . . . . . . . . . . . . . . . . . . # . . . . . . . . . . . . . . . . . . . 
. . . . . . . . . . * . . . . . . . . . # . . . . . . . . . . . . . . . . . . . # . . . . . . . . . . . . . . . . . . . 
. . . . . . . . . . * . . . . . . . . . # . . . . . . . . . . . . . . . . . . . # . . . . . . . . . . . . . . . . . . . 
. . . . . . . . . . * . . . . . . . . . # . . . . . . . . . . . . . . . . . . . # . . . . . . . . . . . . . . . . . . . 
. . . . . . . . . . * . . . . . . . . . . . . . . . . . . . . . . . . . . . . . . . . . . . . . . . . . . . . . . . . . 
. . . . . . . . . . * . . . . . . . . . # . . . . . . . . . . . . . . . . . . . # . . . . . . . . . . . . . . . . . . . 
. . . . . . . . . . * . . . . . . . . . # . . . . . . . . . . . . . . . . . . . # . . . . . . . . . . . . . . . . . . . 
. . . . . . . . . . * . . . . . . . . . # . . . . . . . . . . . . . . . . . . . # . . . . . . . . . . . . . . . . . . . 
. . . . . . . . . . * . . . . . . . . . # . . . . . . . . . . . . . . . . . . . # . . . . . . . . . . . . . . . . . . . 
. . . . . . . . . . * . . . . . . . . . # . . . . . . . . . . . . . . . . . . . # . . . . . . . . . . . . . . . . . . . 
. . . . . . . . . . * . . . . . . . . . # . . . . . . . . . . . . . . . . . . . # . . . . . . . . . . . . . . . . . . . 
. . . . . . . . . . * . . . . . . . . . # . . . . . . . . . . . . . . . . . . . # . . . . . . . . . . . . . . . . . . . 
. . . . . . . . . . * . . . . . . . . . # . . . . . . . . . . . . . . . . . . . # . . . . . . . . . . . . . . . . . . . 
. . . . . . . . . . * . . . . . . . . . # . . . . . . . . . . . . . . . . . . . # . . . . . . . . . . . . . . . . . . . 
# # # # # # # # # # * # # # # # # # # # # # # # # # # # # # . # # # # # # # # # # # # # # # # # # # . # # # # # # # # # 
. . . . . . . . . . * . . . . . . . . . # . . . . . . . . . . . . . . . . . . . # . . . . . . . . . . . . . . . . . . . 
. . . . . . . . . . * . . . . . . . . . # . . . . . . . . . . . . . . . . . . . # . . . . . . . . . . . . . . . . . . . 
. . . . . . . . . . * . . . . . . . . . # . . . . . . . . . . . . . . . . . . . # . . . . . . . . . . . . . . . . . . . 
. . . . . . . . . . * . . . . . . . . . # . . . . . . . . . . . . . . . . . . . # . . . . . . . . . . . . . . . . . . . 
. . . . . . . . . . * . . . . . . . . . # . . . . . . . . . . . . . . . . . . . # . . . . . . . . . . . . . . . . . . . 
. . . . . . . . . . * . . . . . . . . . # . . . . . . . . . . . . . . . . . . . # . . . . . . . . . . . . . . . . . . . 
. . . . . . . . . . * . . . . . . . . . # . . . . . . . . . . . . . . . . . . . # . . . . . . . . . . . . . . . . . . . 
. . . . . . . . . . * . . . . . . . . . # . . . . . . . . . . . . . . . . . . . # . . . . . . . . . . . . . . . . . . . 
. . . . . . . . . . * . . . . . . . . . # . . . . . . . . . . . . . . . . . . . # . . . . . . . . . . . . . . . . . . . 
. . . . . . . . . . * * * * * * * * * * * * * * * * * * * * * * * * * * * * * * * * . . . . . . . . . . . . . . . . . . 
. . . . . . . . . . . . . . . . . . . . # . . . . . . . . . . . . . . . . . . . # * . . . . . . . . . . . . . . . . . . 
. . . . . . . . . . . . . . . . . . . . # . . . . . . . . . . . . . . . . . . . # * . . . . . . . . . . . . . . . . . . 
. . . . . . . . . . . . . . . . . . . . # . . . . . . . . . . . . . . . . . . . # * . . . . . . . . . . . . . . . . . . 
. . . . . . . . . . . . . . . . . . . . # . . . . . . . . . . . . . . . . . . . # * . . . . . . . . . . . . . . . . . . 
. . . . . . . . . . . . . . . . . . . . # . . . . . . . . . . . . . . . . . . . # * . . . . . . . . . . . . . . . . . . 
. . . . . . . . . . . . . . . . . . . . # . . . . . . . . . . . . . . . . . . . # * . . . . . . . . . . . . . . . . . . 
. . . . . . . . . . . . . . . . . . . . # . . . . . . . . . . . . . . . . . . . # * . . . . . . . . . . . . . . . . . . 
. . . . . . . . . . . . . . . . . . . . # . . . . . . . . . . . . . . . . . . . # * . . . . . . . . . . . . . . . . . . 
. . . . . . . . . . . . . . . . . . . . # . . . . . . . . . . . . . . . . . . . # * * * * * * * * * * * * * * * * * * G 

--- SEQUENZA COORDINATE DEL PERCORSO (N = 60) ---
(0,0) -> (1,0) -> (2,0) -> (3,0) -> (4,0) -> (5,0) -> (6,0) -> (7,0) -> (8,0) -> (9,0) -> 
(10,0) -> (11,0) -> (12,0) -> (13,0) -> (14,0) -> (15,0) -> (16,0) -> (17,0) -> (18,0) -> (19,0) -> 
(19,1) -> (19,2) -> (19,3) -> (19,4) -> (19,5) -> (19,6) -> (19,7) -> (19,8) -> (19,9) -> (19,10) -> 
(20,10) -> (21,10) -> (22,10) -> (23,10) -> (24,10) -> (25,10) -> (26,10) -> (27,10) -> (28,10) -> (29,10) -> 
(30,10) -> (31,10) -> (32,10) -> (33,10) -> (34,10) -> (35,10) -> (36,10) -> (37,10) -> (38,10) -> (39,10) -> 
(40,10) -> (41,10) -> (42,10) -> (43,10) -> (44,10) -> (45,10) -> (46,10) -> (47,10) -> (48,10) -> (49,10) -> 
(50,10) -> (50,11) -> (50,12) -> (50,13) -> (50,14) -> (50,15) -> (50,16) -> (50,17) -> (50,18) -> (50,19) -> 
(50,20) -> (50,21) -> (50,22) -> (50,23) -> (50,24) -> (50,25) -> (50,26) -> (50,27) -> (50,28) -> (50,29) -> 
(50,30) -> (50,31) -> (50,32) -> (50,33) -> (50,34) -> (50,35) -> (50,36) -> (50,37) -> (50,38) -> (50,39) -> 
(50,40) -> (50,41) -> (51,41) -> (52,41) -> (53,41) -> (54,41) -> (55,41) -> (56,41) -> (57,41) -> (58,41) -> 
(59,41) -> (59,42) -> (59,43) -> (59,44) -> (59,45) -> (59,46) -> (59,47) -> (59,48) -> (59,49) -> (59,50) -> 
(59,51) -> (59,52) -> (59,53) -> (59,54) -> (59,55) -> (59,56) -> (59,57) -> (59,58) -> (59,59)
